activity	naics
1	1110
2	1121
3	1130
4	1141
5	1141
6	1122
7	1141
8	1142
9	2121
10	2123
11	2123
12	2123
13	2110
14	2122
15	2122
16	2122
17	2123
18	3110
19	3110
20	3110
21	3110
22	3110
23	3110
24	3110
25	3110
26	3110
27	3110
28	3110
29	3110
30	3110
31	3110
32	3110
33	3110
34	3120
35	3120
36	3120
37	3120
38	3130
39	3130
40	3150
41	3130
42	3130
43	3130
44	3130
45	3150
46	3150
47	3140
48	3160
49	3160
50	3160
51	3160
52	3160
53	3160
54	3210
55	3210
56	3210
57	3210
58	3370
59	3220
60	3220
61	3230
62	3250
63	3250
64	3250
65	3250
66	3250
67	3250
68	3250
69	3250
70	3380
71	3250
72	3250
73	3250
74	3130
75	3240
76	3240
77	3240
78	3260
79	3260
80	3260
81	3270
82	3270
83	3270
84	3270
85	3270
86	3270
87	3270
88	3270
89	3270
90	3270
91	3270
92	3270
93	3270
94	3270
95	3310
96	3310
97	3320
98	3320
99	3320
100	3320
101	3320
102	3320
103	3320
104	3380
105	3320
106	3320
107	3320
108	3330
109	3330
110	3330
111	3330
112	3330
113	3320
114	8112
115	3330
116	3340
117	3340
118	3350
119	3350
120	3350
121	3350
122	3350
123	3350
124	3350
125	3350
126	3350
127	3360
128	3360
129	3360
130	3360
131	3360
132	3360
133	3360
134	3360
135	3360
136	3360
137	3340
138	3330
139	3380
140	3380
141	3380
142	3380
143	3380
144	3320
145	3380
146	3380
147	2361
148	2370
149	2382
150	2381
151	2382
152	2382
153	2211
154	2212
155	4611
156	4310
157	4310
158	4340
159	4631
160	4320
161	4320
162	4651
163	4330
164	4330
165	4641
166	4330
167	4330
168	4651
169	4330
170	4330
171	4661
172	4330
173	4330
174	4661
175	4330
176	4330
177	4620
178	2213
179	4681
180	4681
181	4681
182	4611
183	4340
184	4340
185	4340
186	4340
187	4340
188	4340
189	4340
190	4340
191	4340
192	4340
193	4320
194	4320
195	4340
196	4330
197	4340
198	4340
199	4681
200	4350
201	4350
202	4350
203	4661
204	4350
205	4350
206	4641
207	4350
208	4350
209	4350
210	4681
211	4360
212	4360
213	5310
214	4620
215	4330
216	4330
217	4850
218	4840
219	4820
220	4830
221	4830
222	4810
223	4881
224	4930
225	4881
226	4881
227	5321
228	4881
229	5170
230	5221
231	5221
232	5310
233	5411
234	2381
235	5614
236	5412
237	1150
238	5322
239	5322
240	5322
241	5322
242	5321
243	7210
244	7221
245	7221
246	7131
247	7131
248	7111
249	7223
250	7120
251	7131
252	8111
253	8112
254	8112
255	8121
256	8121
257	5613
258	5613
259	5613
260	5613
261	1150
262	5414
263	8125
264	8140
265	8122
266	6131
267	6211
268	6221
269	6231
270	5413
271	8130
272	8130
273	9311
274	9314
275	9313
276	9312
